[[0.874280331769, 0.25883319599800003, 0.6940697055499999, 0.448429185087, 0.853794227533, 0.598573167322, 0.92075935705, 0.706334859516, 0.24458726323199997, 0.134637628489, 2.326662935077, 1.6838624426649997, 1.601878997316, 1.499071655198, 1.731073044805, 2.254999283004, 1.52460287603, 2.2614735427049997, 1.8420893151830002, 1.6864755104340001, 2.827189598025, 2.9839708615599996, 2.127186602398, 2.3148272033249997, 3.0212763195029995, 2.226551130336, 2.5073234832490003, 2.404340797248, 2.391722617388, 2.5460530012320004, 4.166886460451, 3.9243997259739998, 4.186002954094, 4.341504344853, 4.196709931609, 4.564915659824, 4.146418387059, 4.155647438215, 4.639401229476, 4.230853901586, 2.15946958409, 2.1058443075669997, 2.3135955119809997, 1.7604695474989998, 2.291190870462, 2.1959530656829997, 2.282653294012, 1.6076884437899999, 2.027299622127, 2.369821402702, 1.629638653513, 1.848841421622, 2.204278586744, 2.3007630593479997, 1.509248096811, 1.8154105548019999, 1.9672917287399998, 1.8432788421709998, 2.102540102156, 2.0567914351009997], [0.25883319599800003, 0.9951463327969999, 1.03950819738, 0.9147396059940001, 0.875967523396, 0.643927209764, 0.19710506098599997, 0.885303979714, 0.49758206452299997, 0.447430247675, 4.528863679273, 4.230740045999999, 4.327674795669001, 4.4236522999189996, 4.758178688316001, 4.810837415353, 4.412570983822, 4.297300439708, 4.6463045891300006, 4.663768300741, 2.6527231740059998, 2.487355052452, 2.387141513383, 2.751127823264, 2.9125088344080003, 2.614334205393, 2.8900488878109996, 2.6403832670800003, 3.1126620205649997, 3.165487944305, 2.327556146168, 2.03015550928, 1.7186483262499999, 2.203153289665, 2.0594131424229998, 2.3327432001729997, 1.8916142519459997, 2.320332667601, 2.541615294138, 1.660576582901, 4.491203544154999, 4.448262976267, 4.770930674005999, 4.947057266438, 4.943120077331, 4.390051179119, 5.048989538473, 4.790955659468, 4.252981601787999, 5.1454517796350006, 4.40606618433, 4.575400812597, 4.228373637533, 5.1803234562, 4.2665305087180005, 4.255394238252, 4.536599864246, 4.348641546336, 4.671164943232, 4.518739502304999], [0.6940697055499999, 1.03950819738, 1.3083126689000002, 1.06604619885, 1.24367973815, 0.8989787691, 0.6624237831800001, 1.1747330251599999, 0.58023316192, 0.47696497611000005, 5.33389690847, 4.72569069835, 4.770662917560001, 4.80383224474, 5.22940035103, 5.5523055106, 4.80717556506, 5.08940628899, 5.18610684157, 5.1202582557400005, 3.89314002603, 3.8253023741599996, 3.28444788506, 3.71347412807, 4.23093523101, 3.5429138284800006, 3.94068756419, 3.65991616192, 4.08212645732, 4.21112512208, 4.30129905433, 3.90393624866, 3.75843968106, 4.28002363567, 4.0734805311499995, 4.514996364, 3.8947110048900004, 4.28883892773, 4.74376412268, 3.72925898102, 5.2119152154999995, 5.14476835229, 5.54683591447, 5.416339465449999, 5.691422558659999, 5.13922334089, 5.78307077012, 5.19437853194, 4.92620989117, 5.916427887780001, 4.85641872427, 5.12527047714, 4.996789291600001, 5.91183238652, 4.66650671473, 4.81714709174, 5.15223166508, 4.91644931297, 5.3454314826000005, 5.18300652039], [0.448429185087, 0.9147396059940001, 1.06604619885, 0.8957447378010001, 0.968482698459, 0.704356141206, 0.40800177158999995, 0.937963928148, 0.48742167069599995, 0.41604259712700004, 4.462601685531, 4.041108148095, 4.102246781748001, 4.157138184474, 4.502459062755001, 4.6839654688920005, 4.15436436717, 4.248454386135, 4.4361755277690005, 4.4104486729020005, 2.9959195368150002, 2.8960324371599997, 2.5872083486340003, 2.946037657035, 3.267719144649, 2.806549964568, 3.114524225247, 2.8751064080640005, 3.2738895294840002, 3.3591227039760003, 3.0685718690130006, 2.7521227346820005, 2.555164710642, 3.0082135679790003, 2.848068141207, 3.1768207829520003, 2.692093023477, 3.059490259785, 3.3740750333880003, 2.5174254556380005, 4.38692438307, 4.336377809361, 4.665276697323, 4.670929546077, 4.806025602906, 4.310325614829, 4.893930454236, 4.4981767146900005, 4.149635134281, 4.998792973386001, 4.176226930959, 4.377572961426, 4.174853202912001, 5.010465913164, 4.026027158493, 4.0964141463659995, 4.3754395956600005, 4.183070229693, 4.525283570388001, 4.383581737443], [0.853794227533, 0.875967523396, 1.24367973815, 0.968482698459, 1.2566185753810002, 0.901207810354, 0.84796653751, 1.148568818232, 0.527327806314, 0.40801257904300003, 4.877554060579, 4.176661078105, 4.178835057882001, 4.164206443616, 4.571140793245, 5.013279008778, 4.17649254893, 4.669874749065, 4.581351504971, 4.472490550968, 3.992882802285, 4.00229865784, 3.2696969678560004, 3.662208676365, 4.319696354991, 3.500920624062, 3.9057838913230003, 3.656506115376, 3.9671515079060002, 4.122707266734, 4.811466628067, 4.421587994038, 4.413161421178, 4.862512624611, 4.652670130363, 5.123737631318, 4.4998101521430005, 4.797847495765, 5.323232430192, 4.408551630792, 4.72231022138, 4.651578571849, 5.031656101457, 4.722094684943, 5.131104461304, 4.681980289061, 5.196312533674001, 4.49766986031, 4.458156191079, 5.329376964424, 4.253555514181, 4.538482080684, 4.578742864958, 5.299468190276, 4.065495781887, 4.295430550394, 4.604038307640001, 4.3803147677870005, 4.8002507964920005, 4.6613453645869996], [0.598573167322, 0.643927209764, 0.8989787691, 0.704356141206, 0.901207810354, 0.646960133636, 0.5920376787399999, 0.827176676488, 0.383494158376, 0.29927411496200007, 3.544149803386, 3.0492726305699995, 3.0547302890880004, 3.0485770890439996, 3.3424957257300005, 3.6491425791520005, 3.0565856354200003, 3.3916625284100004, 3.344956881014, 3.2706991408120003, 2.8582336440900002, 2.8579617853599997, 2.349333214804, 2.63452279301, 3.0939203498939998, 2.517856634808, 2.807946070882, 2.626070814784, 2.859304532304, 2.9685922584560003, 3.408697318478, 3.1280415992920005, 3.109511065052, 3.438769365274, 3.288380521042, 3.6239666035119997, 3.1762518952620002, 3.39902285291, 3.7698902087280004, 3.103963718828, 3.4356965214199997, 3.385230045166, 3.6601681959379997, 3.454172905262, 3.7356922532360004, 3.403788989174, 3.784925793616, 3.29323632974, 3.244043718886, 3.880506856916, 3.1093922241540004, 3.312536297556, 3.3260849312720007, 3.861333789384, 2.9741766933580003, 3.132075062196, 3.3560988071600004, 3.1943436281579998, 3.496725961528, 3.394835780458], [0.92075935705, 0.19710506098599997, 0.6624237831800001, 0.40800177158999995, 0.84796653751, 0.5920376787399999, 0.9759133398159998, 0.688312679652, 0.22264746647399997, 0.108299152672, 2.134760114284, 1.46664791167, 1.370344684782, 1.251682511318, 1.474169505286, 2.03436897471, 1.2801029588719999, 2.0835499738379997, 1.6029832086140001, 1.433875058178, 2.828265010986, 3.0107866115919997, 2.095843009702, 2.268110369934, 3.016041753642, 2.1842358370859998, 2.464106675968, 2.373662243184, 2.321252014814, 2.483200535166, 4.298503797506, 4.061667731332, 4.369144774912, 4.496877515484, 4.352675726919999, 4.726951457989999, 4.312277452158, 4.286987483176, 4.790043042275999, 4.422244013634, 1.9577054277499997, 1.903453599268, 2.100785777474, 1.4903210702299998, 2.062493534862, 2.005329354548, 2.044593470614, 1.338529599228, 1.8348713902739997, 2.130588812206, 1.393812945154, 1.616085786138, 2.0275875163099997, 2.053312953704, 1.2755606140859999, 1.6063639707079997, 1.7469041019959999, 1.628728347074, 1.88157414548, 1.8448073260279998], [0.706334859516, 0.885303979714, 1.1747330251599999, 0.937963928148, 1.148568818232, 0.827176676488, 0.688312679652, 1.068447395668, 0.510604294126, 0.40881812803000006, 4.706675050026, 4.107978666799999, 4.130973048978, 4.140977523318, 4.524118910312, 4.871979048826001, 4.1478820426039995, 4.497744654056, 4.50725464962, 4.428305554642, 3.620793485292, 3.5915475578639997, 3.012306718566, 3.390964848848, 3.9265444652159998, 3.238181483946, 3.6067998431820003, 3.36224647432, 3.70248287989, 3.83242039985, 4.1717768112960005, 3.8097806318400003, 3.73479100378, 4.18321139689, 3.991970762166, 4.410415558466, 3.8387712824520004, 4.159828513882, 4.608125608836, 3.718500078002, 4.58031363051, 4.517065173534, 4.8771699000119995, 4.680509585196, 4.990713940382, 4.527371310917999, 5.063615761626, 4.475456927575999, 4.326965589256, 5.18605445731, 4.20505996562, 4.459040398193999, 4.413259780386, 5.17098471016, 4.031311793596, 4.203736252503999, 4.500356647772, 4.288823837872, 4.679211057344, 4.540009255129999], [0.24458726323199997, 0.49758206452299997, 0.58023316192, 0.48742167069599995, 0.527327806314, 0.383494158376, 0.22264746647399997, 0.510604294126, 0.265232189857, 0.226325598775, 2.4284172348569997, 2.1986794497499997, 2.231848824471, 2.261603136321, 2.449562508194, 2.5487118334270003, 2.260117513598, 2.3119255429220003, 2.4136214173200004, 2.3994961242189996, 1.6314082769040001, 1.577236958268, 1.408569909897, 1.6038348105259999, 1.779359893122, 1.527915966387, 1.695612625599, 1.56534773212, 1.782159217735, 1.8286375965950001, 1.672092400362, 1.49982164922, 1.39296434245, 1.639429050385, 1.5522284993069997, 1.731299744807, 1.467378788064, 1.667144714509, 1.838614710342, 1.3724846892590001, 2.387123133645, 2.359593100203, 2.5386022607039997, 2.541187642692, 2.6151091644289997, 2.345507765871, 2.662896431907, 2.447125263512, 2.2579898077419998, 2.719988223565, 2.2720971156200003, 2.3817645379229995, 2.271857323047, 2.7262739812, 2.190325658812, 2.228865999568, 2.380709136314, 2.276006426674, 2.462300254088, 2.385215088545], [0.134637628489, 0.447430247675, 0.47696497611000005, 0.41604259712700004, 0.40801257904300003, 0.29927411496200007, 0.108299152672, 0.40881812803000006, 0.226325598775, 0.20158356525800003, 2.06223159274, 1.915398592755, 1.9565556301650002, 1.996816629269, 2.1505053320670005, 2.1857288083690003, 1.992477379504, 1.9580055893510002, 2.103376382711, 2.1076036566550003, 1.241066991537, 1.171237096924, 1.107379113997, 1.273135984703, 1.360733205357, 1.210439238453, 1.33913543185, 1.2260215974160003, 1.4352984193409999, 1.4622314427890002, 1.127101739033, 0.9896493971380002, 0.857346107468, 1.075852876396, 1.008794658694, 1.1384115120490002, 0.9331997253150001, 1.123642133282, 1.2327792523980001, 0.8325932215190001, 2.0417369121649998, 2.021469422908, 2.169347288669, 2.2349809786790003, 2.2452451570010004, 1.997678659964, 2.2920289755850005, 2.162256905366, 1.933040373745, 2.336804563289, 1.9919681856210003, 2.072067341403, 1.9261265420090004, 2.3507151163560005, 1.9273279063030002, 1.929315479298, 2.0575311001220005, 1.971322452009, 2.120302056196, 2.051631536932], [2.326662935077, 4.528863679273, 5.33389690847, 4.462601685531, 4.877554060579, 3.544149803386, 2.134760114284, 4.706675050026, 2.4284172348569997, 2.06223159274, 22.245881433682, 20.084474045275, 20.373023775171, 20.627928234190996, 22.356742284979, 23.322714157047002, 20.617944877268002, 21.184986301526997, 22.047064534475, 21.898555105869, 15.114812181788999, 14.646639524788, 13.008023893207, 14.796852399591, 16.477185222357, 14.099296198827002, 15.651662772723999, 14.461287355800001, 16.417780937914998, 16.858323276315, 15.662476840577002, 14.073948286210001, 13.144028602839999, 15.39095853009, 14.583905764551998, 16.250766437327, 13.810797699639, 15.616278625744002, 17.230030023882, 12.965094451629, 21.850431969095, 21.594573466918, 23.239289169449, 23.188233611987, 23.927267893659003, 21.479479367965997, 24.357722923207, 22.318132044942, 20.666350355217, 24.885088517035, 20.740271200825, 21.760248889113, 20.815405621367002, 24.93257033858, 19.985535543627, 20.374807712858, 21.766650601374003, 20.804317922369, 22.521756141668, 21.81938675453], [1.6838624426649997, 4.230740045999999, 4.72569069835, 4.041108148095, 4.176661078105, 3.0492726305699995, 1.46664791167, 4.107978666799999, 2.1986794497499997, 1.915398592755, 20.084474045275, 18.408331924924997, 18.742930809150003, 19.05858354434, 20.585616355745, 21.17840620259, 19.03201682469, 19.096425047485, 20.211306156335, 20.1697513373, 12.823026819945, 12.264443604639998, 11.23775314042, 12.852416152705, 14.018950624395, 12.232753299330001, 13.556079116875, 12.467148295760001, 14.377041997509998, 14.703277754290001, 12.470428466255001, 11.08666791643, 10.01006643273, 12.091196645435, 11.402442702715, 12.77929707489, 10.684260094275, 12.432950910645001, 13.681866338279999, 9.80653180234, 19.810561189399994, 19.597306803505, 21.058620111964995, 21.374344367314997, 21.74208033286, 19.425926405164997, 22.16608823635, 20.62958720851, 18.747025997075, 22.621070910540002, 19.081531095185, 19.928083861079998, 18.774999385490002, 22.71283339666, 18.427506265955, 18.603624524529998, 19.85606798992, 19.002667630614997, 20.50063855206, 19.848207799395], [1.601878997316, 4.327674795669001, 4.770662917560001, 4.102246781748001, 4.178835057882001, 3.0547302890880004, 1.370344684782, 4.130973048978, 2.231848824471, 1.9565556301650002, 20.373023775171, 18.742930809150003, 19.101211661313002, 19.443186276783, 20.983543791042006, 21.513684479301002, 19.411765738314, 19.363077763146002, 20.57972355474, 20.561144826357, 12.797514479772001, 12.196282857924, 11.270182874151, 12.907950923718001, 14.001936871626, 12.281963520501002, 13.604374647597, 12.496178480040003, 14.470069526385, 14.782774990005002, 12.224043395826001, 10.833250062900001, 9.68079143199, 11.805199478235, 11.116712181440999, 12.480722615841001, 10.383067783692, 12.187105623687, 13.400959709466001, 9.463635784197, 20.116351171635, 19.904553953049, 21.380848484532, 21.793290913896, 22.090006760067002, 19.713522046533, 22.529119154421, 21.048230147616003, 19.038937935726, 22.985251494915, 19.446468781440004, 20.286247965309, 19.040154359361, 23.090789244480003, 18.790023625776, 18.924001996344003, 20.193377143302005, 19.331647869642, 20.837738419944003, 20.171271061995], [1.499071655198, 4.4236522999189996, 4.80383224474, 4.157138184474, 4.164206443616, 3.0485770890439996, 1.251682511318, 4.140977523318, 2.261603136321, 1.996816629269, 20.627928234190996, 19.05858354434, 19.443186276783, 19.814648201604996, 21.364311778088002, 21.818743392123, 19.777660050465997, 19.596434436984, 20.927516644858, 20.935980685047, 12.714957840678, 12.066142793035999, 11.261910418637001, 12.920062954932, 13.924403126291999, 12.289226184915, 13.605127029197, 12.478875719448, 14.519763516942998, 14.815303254387, 11.88461235778, 10.491282717944, 9.254530723574, 11.420998807383, 10.735654995112998, 12.078983102502999, 9.986879713962, 11.848459973903, 13.01617312179, 9.022281250119, 20.392545266904996, 20.183329031453, 21.671137213653996, 22.195399379997998, 22.407541055505, 19.970018082265, 22.862575871050996, 21.453045394523997, 19.303273257936, 23.318182277296998, 19.794836903138, 20.623213600022996, 19.273080788502998, 23.439453773607998, 19.138249875990002, 19.222219037067998, 20.506247725938, 19.638285808684, 21.147714252592, 20.467512529110998], [1.731073044805, 4.758178688316001, 5.22940035103, 4.502459062755001, 4.571140793245, 3.3424957257300005, 1.474169505286, 4.524118910312, 2.449562508194, 2.1505053320670005, 22.356742284979, 20.585616355745, 20.983543791042006, 21.364311778088002, 23.052481001381004, 23.61629121749, 21.328703812962, 21.246515308273004, 22.603253901779002, 22.588812036368, 13.990704162981002, 13.322197612432, 12.335015933752, 14.132229897589003, 15.310210868967001, 13.445940445926002, 14.892088437883, 13.675074061424002, 15.850383742954001, 16.188942333526, 13.306961018171002, 11.783986854502002, 10.504081289082, 12.838717163699002, 12.085755086875, 13.574350002270002, 11.279378408823, 13.266698580021, 14.585376141216, 10.263083140384001, 22.080418628300002, 21.849139068793, 23.467663483048998, 23.943516606935, 24.249877559392, 21.635170729493, 24.734019589234002, 23.128531616038, 20.898451331519, 25.233206708016002, 21.362870605469002, 22.279642762787997, 20.892935888390003, 25.352162679844003, 20.644267020551002, 20.780023642858, 22.172729820616006, 21.228085789699, 22.877443910700002, 22.144906498683], [2.254999283004, 4.810837415353, 5.5523055106, 4.6839654688920005, 5.013279008778, 3.6491425791520005, 2.03436897471, 4.871979048826001, 2.5487118334270003, 2.1857288083690003, 23.322714157047002, 21.17840620259, 21.513684479301002, 21.818743392123, 23.61629121749, 24.505499830489004, 21.80051450045, 22.19709722441, 23.249736693468, 23.134954293049002, 15.482416678260002, 14.93148603138, 13.413748286163003, 15.28900613879, 16.895665572618, 14.562158749161002, 16.155082440489, 14.900801019208004, 17.015454600373, 17.445702157097003, 15.682015907826003, 14.038892399604002, 12.959140632574, 15.338056577263, 14.509575544269, 16.200495155909003, 13.690116380724, 15.635452882075, 17.235320067426002, 12.752978469641, 22.944876856815, 22.684480287477, 24.398372932236, 24.504846417984, 25.147214899487, 22.533979496433002, 25.614150090057006, 23.610671379920003, 21.705911346622, 26.157693140767, 21.901819628648003, 22.938303405057, 21.815042225829004, 26.229094823008, 21.122658372136005, 21.453239777512, 22.910612935550006, 21.908521922026, 23.685833525096005, 22.941371283071003], [1.52460287603, 4.412570983822, 4.80717556506, 4.15436436717, 4.17649254893, 3.0565856354200003, 1.2801029588719999, 4.1478820426039995, 2.260117513598, 1.992477379504, 20.617944877268002, 19.03201682469, 19.411765738314, 19.777660050465997, 21.328703812962, 21.80051450045, 19.741795744423996, 19.588854948346, 20.898087929698, 20.900718332006, 12.760671653262001, 12.120732842264001, 11.288366350994, 12.945739264378, 13.971678878574, 12.314570265882, 13.634762038736, 12.509951236688, 14.540810572698, 14.840712338362, 11.984096320822001, 10.588263890924, 9.367044633184001, 11.529155716388, 10.841630606119999, 12.19237660661, 10.094489754666, 11.947694794792, 13.127950562412, 9.137552860198, 20.37743920405, 20.167206208796, 21.655781369878, 22.156993480689998, 22.387902014794, 19.958249352076002, 22.840487760578, 21.412427838676, 19.288347772597998, 23.297205846442, 19.762802963478, 20.595461512686, 19.26488620045, 23.415338097528, 19.104808586882, 19.199783872476, 20.483453737732, 19.614939589878, 21.12695163548, 20.448232318196002], [2.2614735427049997, 4.297300439708, 5.08940628899, 4.248454386135, 4.669874749065, 3.3916625284100004, 2.0835499738379997, 4.497744654056, 2.3119255429220003, 1.9580055893510002, 21.184986301526997, 19.096425047485, 19.363077763146002, 19.596434436984, 21.246515308273004, 22.19709722441, 19.588854948346, 20.178004730509002, 20.962008481287, 20.810419940384, 14.484404304273001, 14.053483360656, 12.443293559496, 14.146853593537, 15.785549358891, 13.481452217118001, 14.968376805279, 13.836330631472002, 15.683761137362, 16.111146985678, 15.098977181102999, 13.580666737806002, 12.721126188145998, 14.855134117847001, 14.082188924414998, 15.683621183349999, 13.348167295899, 15.054517358993, 16.614157841088, 12.555336328431999, 20.7992676843, 20.553662140389, 22.122534211077, 22.034177268795, 22.770858781456, 20.451466474449003, 23.176900530042, 21.201089027854, 19.671050181347, 23.681438438048, 19.712038778857, 20.691536743524, 19.82470420851, 23.721286173332, 18.990289043243003, 19.380252589633997, 20.706176933128003, 19.788042611927, 21.42935388646, 20.762490300799], [1.8420893151830002, 4.6463045891300006, 5.18610684157, 4.4361755277690005, 4.581351504971, 3.344956881014, 1.6029832086140001, 4.50725464962, 2.4136214173200004, 2.103376382711, 22.047064534475, 20.211306156335, 20.57972355474, 20.927516644858, 22.603253901779002, 23.249736693468, 20.898087929698, 20.962008481287, 22.190932032937003, 22.14671862135, 14.063577745119002, 13.448352341288, 12.328196868793999, 14.100634078011002, 15.375846971289, 13.420573083096002, 14.872024923215, 13.676471916672, 15.775168620172, 16.132199618088002, 13.663689476581002, 12.145476378746, 10.960081157906, 13.245368446107001, 12.489916049543, 13.999371852328, 11.701249008645, 13.622613861209, 14.990416873836, 10.736021578038, 21.74764520563, 21.513821167841, 23.117571699162998, 23.469630060013, 23.868761863482, 21.324671690173002, 24.334738501340002, 22.652715929442, 20.580268117785, 24.833860234538005, 20.951517369407004, 21.879666350706, 20.609359702048, 24.935330333452004, 20.233998221421, 20.424669433246, 21.799434505164, 20.862876434893, 22.506427227412, 21.789965683219002], [1.6864755104340001, 4.663768300741, 5.1202582557400005, 4.4104486729020005, 4.472490550968, 3.2706991408120003, 1.433875058178, 4.428305554642, 2.3994961242189996, 2.1076036566550003, 21.898555105869, 20.1697513373, 20.561144826357, 20.935980685047, 22.588812036368, 23.134954293049002, 20.900718332006, 20.810419940384, 22.14671862135, 22.134597628573, 13.685957382138001, 13.028177350596, 12.071134936719, 13.831508199572003, 14.977675780644, 13.159505261409002, 14.574303700983, 13.381920229, 15.515788629205002, 15.845843840705003, 12.997689601284002, 11.50703139852, 10.24816928173, 12.536107488805001, 11.799449777259, 13.254734453309, 11.009157430038002, 12.958344933372999, 14.245444047594, 10.011191390093, 21.629713472115, 21.403562183031, 22.988399447657997, 23.462418587154, 23.755946521403, 21.192502450347, 24.230940560169003, 22.665029210564, 20.472090233464, 24.719434423195, 20.932851529550003, 21.829208464220997, 20.464354918989, 24.83702250076, 20.229574488634, 20.358711763636002, 21.722784097958, 20.797837673548, 22.412242087856004, 21.694316995685], [2.827189598025, 2.6527231740059998, 3.89314002603, 2.9959195368150002, 3.992882802285, 2.8582336440900002, 2.828265010986, 3.620793485292, 1.6314082769040001, 1.241066991537, 15.114812181788999, 12.823026819945, 12.797514479772001, 12.714957840678, 13.990704162981002, 15.482416678260002, 12.760671653262001, 14.484404304273001, 14.063577745119002, 13.685957382138001, 12.731702430681, 12.820037500631999, 10.352745383142, 11.569238659389, 13.759284485006999, 11.065026292056, 12.353683411353, 11.587395358464, 12.487576365444, 13.000746080136, 15.637094953251001, 14.406968384022, 14.484036492702, 15.853650349389, 15.186017464544998, 16.70152764564, 14.721115791843001, 15.593049076671, 17.311700579796, 14.488027899114, 14.597554661249998, 14.370643430103, 15.558720973628999, 14.441935698555, 15.839766216102, 14.494223129883, 16.026437129844002, 13.728713969838001, 13.776586064079, 16.447988028726, 13.025999857209001, 13.941298153997998, 14.19666922536, 16.334021548884, 12.431311895931001, 13.220167915218, 14.178311694516001, 13.478308169979, 14.802524659980001, 14.380045003412999], [2.9839708615599996, 2.487355052452, 3.8253023741599996, 2.8960324371599997, 4.00229865784, 2.8579617853599997, 3.0107866115919997, 3.5915475578639997, 1.577236958268, 1.171237096924, 14.646639524788, 12.264443604639998, 12.196282857924, 12.066142793035999, 13.322197612432, 14.93148603138, 12.120732842264001, 14.053483360656, 13.448352341288, 13.028177350596, 12.820037500631999, 12.985318721103999, 10.329004044844, 11.508030045407999, 13.835773909823999, 11.013502291572, 12.308103255676, 11.573883661728, 12.362046760387999, 12.901246589172, 16.132096051712, 14.910504823744, 15.124167106503998, 16.420568315028, 15.7502284891, 17.29387973354, 15.311564834856, 16.086933061012, 17.874334490952, 15.152652700548, 14.096670391099998, 13.866383074395998, 15.031499347927998, 13.737157416919999, 15.267295594523999, 14.025694513196001, 15.427442280148, 13.022101538735999, 13.297905273167999, 15.848333495452, 12.413566388968, 13.344092844035998, 13.76748006218, 15.709228647967999, 11.821244142071999, 12.688469798575998, 13.619379551352, 12.932009757728, 14.246051484799999, 13.847389933075998], [2.127186602398, 2.387141513383, 3.28444788506, 2.5872083486340003, 3.2696969678560004, 2.349333214804, 2.095843009702, 3.012306718566, 1.408569909897, 1.107379113997, 13.008023893207, 11.23775314042, 11.270182874151, 11.261910418637001, 12.335015933752, 13.413748286163003, 11.288366350994, 12.443293559496, 12.328196868793999, 12.071134936719, 10.352745383142, 10.329004044844, 8.537960064084999, 9.584625040548001, 11.2120779633, 9.158120980779, 10.209741069829, 9.539829359064, 10.419877084679, 10.809027060171001, 12.231341194724001, 11.209695263512, 11.102013869062, 12.319272407199, 11.773978320192999, 12.984242559263, 11.359055930154, 12.196541455927001, 13.522910999214, 11.074626941535001, 12.623879787904999, 12.441623407284998, 13.446773574229999, 12.751266147517999, 13.734398660793001, 12.498448540816998, 13.921019965987, 12.167412858395998, 11.921380907711999, 14.268290654041001, 11.471984796034, 12.205141866734998, 12.204654940943001, 14.206102881704, 10.980288244854, 11.530476424459998, 12.352008840642, 11.760904649659999, 12.861929440112, 12.484900673182999], [2.3148272033249997, 2.751127823264, 3.71347412807, 2.946037657035, 3.662208676365, 2.63452279301, 2.268110369934, 3.390964848848, 1.6038348105259999, 1.273135984703, 14.796852399591, 12.852416152705, 12.907950923718001, 12.920062954932, 14.132229897589003, 15.28900613879, 12.945739264378, 14.146853593537, 14.100634078011002, 13.831508199572003, 11.569238659389, 11.508030045407999, 9.584625040548001, 10.775133185941, 12.538166890983, 10.292524117914, 11.469075772407, 10.703462732816, 11.740646088685999, 12.165315133834001, 13.492990490619, 12.343541802918, 12.161396694337999, 13.559265352391, 12.949022188454999, 14.29349040301, 12.471959519967, 13.454470293448999, 14.910878725224, 12.119676758116, 14.380799901, 14.177946102357001, 15.315381742400998, 14.615291558895, 15.658246131388001, 14.225605328577, 15.879434378886002, 13.961418120022, 13.583079782351, 16.269139308044004, 13.139274545221001, 13.954547771112, 13.878480219690001, 16.210705129796, 12.586852319039002, 13.168573814042, 14.102032141504003, 13.433524814051001, 14.672721071020002, 14.239237752847], [3.0212763195029995, 2.9125088344080003, 4.23093523101, 3.267719144649, 4.319696354991, 3.0939203498939998, 3.016041753642, 3.9265444652159998, 1.779359893122, 1.360733205357, 16.477185222357, 14.018950624395, 14.001936871626, 13.924403126291999, 15.310210868967001, 16.895665572618, 13.971678878574, 15.785549358891, 15.375846971289, 14.977675780644, 13.759284485006999, 13.835773909823999, 11.2120779633, 12.538166890983, 14.874520129965, 11.989982227014, 13.383392539029, 12.545963660784, 13.548197126274001, 14.097199435926, 16.803093100809, 15.469439026722, 15.518905163622, 17.019622921268997, 16.297626472772997, 17.931072660318, 15.787878181028999, 16.755693989066998, 18.598932793223998, 15.51713674434, 15.925419040079998, 15.680641571294998, 16.972366351035, 15.807656341173, 17.287827787788, 15.805526259747001, 17.496480453162, 15.036095960466, 15.031254288837, 17.952945980796002, 14.252042089479001, 15.239007731519997, 15.473664282198001, 17.835833639724, 13.607742815589, 14.44214693427, 15.486045446832001, 14.725196435265001, 16.161104287332, 15.697876631373], [2.226551130336, 2.614334205393, 3.5429138284800006, 2.806549964568, 3.500920624062, 2.517856634808, 2.1842358370859998, 3.238181483946, 1.527915966387, 1.210439238453, 14.099296198827002, 12.232753299330001, 12.281963520501002, 12.289226184915, 13.445940445926002, 14.562158749161002, 12.314570265882, 13.481452217118001, 13.420573083096002, 13.159505261409002, 11.065026292056, 11.013502291572, 9.158120980779, 10.292524117914, 11.989982227014, 9.832160048265001, 10.957159532109, 10.228350223176001, 11.209459399941, 11.617685996169001, 12.940466982270001, 11.842682942028, 11.680983509238, 13.010326351971, 12.426855879441, 13.714349571621002, 11.973293100864, 12.903550979031, 14.30170973829, 11.643330924273, 13.698699025335, 13.504520406801, 14.589515655168, 13.904327128236002, 14.913098465655, 13.553308397085, 15.122089527897002, 13.279237191048, 12.938309960441998, 15.494480768439002, 12.502030090956001, 13.282588037241, 13.225117846821002, 15.436355096496001, 11.974280379540001, 12.537350270256, 13.427011851726002, 12.789247345878001, 13.972656846744002, 13.560524626707], [2.5073234832490003, 2.8900488878109996, 3.94068756419, 3.114524225247, 3.9057838913230003, 2.807946070882, 2.464106675968, 3.6067998431820003, 1.695612625599, 1.33913543185, 15.651662772723999, 13.556079116875, 13.604374647597, 13.605127029197, 14.892088437883, 16.155082440489, 13.634762038736, 14.968376805279, 14.872024923215, 14.574303700983, 12.353683411353, 12.308103255676, 10.209741069829, 11.469075772407, 13.383392539029, 10.957159532109, 12.212709931018, 11.404871830440001, 12.481737534245, 12.941023085565002, 14.508021819809002, 13.285058557090002, 13.125817506699999, 14.59703543142, 13.945913968773999, 15.386110084649001, 13.444138670523001, 14.466679514338, 16.036562823294002, 13.087608276663001, 15.199854116765, 14.982779101996, 16.189252479653, 15.397694232719, 16.543134875553, 15.042706096172001, 16.772112383449002, 14.700292278533999, 14.355274130168999, 17.187312229105004, 13.848069753565, 14.720922333411, 14.682772545329001, 17.1186072545, 13.259872975959, 13.899925865425999, 14.887897633098001, 14.178594550192999, 15.496796718116, 15.04085235314], [2.404340797248, 2.6403832670800003, 3.65991616192, 2.8751064080640005, 3.656506115376, 2.626070814784, 2.373662243184, 3.36224647432, 1.56534773212, 1.2260215974160003, 14.461287355800001, 12.467148295760001, 12.496178480040003, 12.478875719448, 13.675074061424002, 14.900801019208004, 12.509951236688, 13.836330631472002, 13.676471916672, 13.381920229, 11.587395358464, 11.573883661728, 9.539829359064, 10.703462732816, 12.545963660784, 10.228350223176001, 11.404871830440001, 10.661464416832, 11.626229601832001, 12.065633574728, 13.756162524336, 12.615597713376001, 12.518354860336, 13.866628495192, 13.256633022407998, 14.614247139368, 12.79726909152, 13.717073776504002, 15.211346921616002, 12.491888152328002, 14.02634786028, 13.822047623496001, 14.941730987328, 14.134223581728001, 15.255581761592001, 13.891616786088, 15.459699159240003, 13.481273865152001, 13.24484395816, 15.847771407928, 12.719859000992003, 13.541970084935999, 13.569870299688002, 15.774001232512, 12.170634369376002, 12.798909938176, 13.712619503984001, 13.054013988208002, 14.283032027072002, 13.865616424664001], [2.391722617388, 3.1126620205649997, 4.08212645732, 3.2738895294840002, 3.9671515079060002, 2.859304532304, 2.321252014814, 3.70248287989, 1.782159217735, 1.4352984193409999, 16.417780937914998, 14.377041997509998, 14.470069526385, 14.519763516942998, 15.850383742954001, 17.015454600373, 14.540810572698, 15.683761137362, 15.775168620172, 15.515788629205002, 12.487576365444, 12.362046760387999, 10.419877084679, 11.740646088685999, 13.548197126274001, 11.209459399941, 12.481737534245, 11.626229601832001, 12.837867444257, 13.278742179653001, 14.262947409226001, 13.008960895076001, 12.706369394886, 14.279631334867, 13.619448847672999, 15.056907147633, 13.081566442500002, 14.222001730959, 15.749750054106002, 12.642278821733, 15.991389397554999, 15.773837082880998, 17.025867288507996, 16.402483545568, 17.432714637347, 15.798112840333001, 17.693131125605, 15.694281232592, 15.10861493335, 18.116562132003, 14.729716013992, 15.602788084220997, 15.391180780753, 18.072456022112, 14.128386879016, 14.699498857736, 15.733446209414002, 14.998249597537999, 16.350893237832, 15.862163759139], [2.5460530012320004, 3.165487944305, 4.21112512208, 3.3591227039760003, 4.122707266734, 2.9685922584560003, 2.483200535166, 3.83242039985, 1.8286375965950001, 1.4622314427890002, 16.858323276315, 14.703277754290001, 14.782774990005002, 14.815303254387, 16.188942333526, 17.445702157097003, 14.840712338362, 16.111146985678, 16.132199618088002, 15.845843840705003, 13.000746080136, 12.901246589172, 10.809027060171001, 12.165315133834001, 14.097199435926, 11.617685996169001, 12.941023085565002, 12.065633574728, 13.278742179653001, 13.746915180937002, 15.006996545934001, 13.708452823404002, 13.449018451094002, 15.053136389843, 14.366610706497, 15.870342316837, 13.81866274056, 14.964036655271002, 16.577785031154, 13.392290772817, 16.402510271895, 16.175281609568998, 17.466013604592, 16.747631073852002, 17.870295296023002, 16.214804113197, 18.130046844825003, 16.011598065448002, 15.494858048329998, 18.569413932887002, 15.047866863868002, 15.960444600729, 15.808066474917002, 18.513547208048003, 14.424478903844001, 15.048844824464, 16.111438017166, 15.353175292262, 16.753493823448004, 16.255609692931003], [4.166886460451, 2.327556146168, 4.30129905433, 3.0685718690130006, 4.811466628067, 3.408697318478, 4.298503797506, 4.1717768112960005, 1.672092400362, 1.127101739033, 15.662476840577002, 12.470428466255001, 12.224043395826001, 11.88461235778, 13.306961018171002, 15.682015907826003, 11.984096320822001, 15.098977181102999, 13.663689476581002, 12.997689601284002, 15.637094953251001, 16.132096051712, 12.231341194724001, 13.492990490619, 16.803093100809, 12.940466982270001, 14.508021819809002, 13.756162524336, 14.262947409226001, 15.006996545934001, 21.162556038325, 19.738146553658, 20.521728731918, 21.785067603681, 20.974828198481, 22.925428676086, 20.553022057089002, 21.104349783551, 23.50293213012, 20.650515268788002, 14.87971938736, 14.591903762531, 15.893101177182999, 13.661652762001, 15.999292981740002, 14.920268058775001, 16.087701048722, 12.801441974058001, 14.012671759617, 16.587300674204002, 12.439922807291001, 13.609044733295999, 14.764457727886, 16.324044378556003, 11.742396844545, 13.080376446886, 14.085611914896, 13.314428417293001, 14.842792707604001, 14.459345962777], [3.9243997259739998, 2.03015550928, 3.90393624866, 2.7521227346820005, 4.421587994038, 3.1280415992920005, 4.061667731332, 3.8097806318400003, 1.49982164922, 0.9896493971380002, 14.073948286210001, 11.08666791643, 10.833250062900001, 10.491282717944, 11.783986854502002, 14.038892399604002, 10.588263890924, 13.580666737806002, 12.145476378746, 11.50703139852, 14.406968384022, 14.910504823744, 11.209695263512, 12.343541802918, 15.469439026722, 11.842682942028, 13.285058557090002, 12.615597713376001, 13.008960895076001, 13.708452823404002, 19.738146553658, 18.436408245268, 19.242970777948, 20.355481290306003, 19.610178556354, 21.418293381884, 19.23987969573, 19.684014498142, 21.929249908848, 19.376843044824, 13.33465517864, 13.068360613318001, 14.247788804174, 12.086269512914, 14.316271276776, 13.392583591214, 14.380422179380002, 11.295666066996, 12.55316795349, 14.838490316104002, 11.024193856006, 12.106865699088, 13.274781724844, 14.580800569016, 10.385577891378, 11.663640502508, 12.568724010432, 11.869085627114, 13.265175244136001, 12.928530020402], [4.186002954094, 1.7186483262499999, 3.75843968106, 2.555164710642, 4.413161421178, 3.109511065052, 4.369144774912, 3.73479100378, 1.39296434245, 0.857346107468, 13.144028602839999, 10.01006643273, 9.68079143199, 9.254530723574, 10.504081289082, 12.959140632574, 9.367044633184001, 12.721126188145998, 10.960081157906, 10.24816928173, 14.484036492702, 15.124167106503998, 11.102013869062, 12.161396694337999, 15.518905163622, 11.680983509238, 13.125817506699999, 12.518354860336, 12.706369394886, 13.449018451094002, 20.521728731918, 19.242970777948, 20.292517641127997, 21.265883705415998, 20.519971229523996, 22.368677369853998, 20.19937530009, 20.465883578972, 22.822810596708, 20.470024126273998, 12.34969480559, 12.078815214568, 13.209815183173998, 10.738862834834, 13.195869608846, 12.465947629544, 13.21156408771, 9.949493178836, 11.612967279069998, 13.665794842094002, 9.850326023766002, 10.954362247338, 12.420144636014001, 13.364017011576, 9.219681470338, 10.632452672507998, 11.482943753612, 10.810243832813999, 12.179836871416, 11.888313389272], [4.341504344853, 2.203153289665, 4.28002363567, 3.0082135679790003, 4.862512624611, 3.438769365274, 4.496877515484, 4.18321139689, 1.639429050385, 1.075852876396, 15.39095853009, 12.091196645435, 11.805199478235, 11.420998807383, 12.838717163699002, 15.338056577263, 11.529155716388, 14.855134117847001, 13.245368446107001, 12.536107488805001, 15.853650349389, 16.420568315028, 12.319272407199, 13.559265352391, 17.019622921268997, 13.010326351971, 14.59703543142, 13.866628495192, 14.279631334867, 15.053136389843, 21.785067603681, 20.355481290306003, 21.265883705415998, 22.476217006402, 21.656397680688, 23.649035110823, 21.253862941575, 21.725363576104, 24.205598030586, 21.417307488773, 14.572538377455, 14.279201162286, 15.571821971673, 13.164736783683, 15.639254991107002, 14.641837598598002, 15.705175905855, 12.295267541102, 13.717262959825, 16.208639207443, 12.013169624777001, 13.206049257201, 14.519159598543002, 15.920984716372, 11.311516930171, 12.730158292666001, 13.720436356334, 12.953480672352999, 14.486507685092, 14.120550122234], [4.196709931609, 2.0594131424229998, 4.0734805311499995, 2.848068141207, 4.652670130363, 3.288380521042, 4.352675726919999, 3.991970762166, 1.5522284993069997, 1.008794658694, 14.583905764551998, 11.402442702715, 11.116712181440999, 10.735654995112998, 12.085755086875, 14.509575544269, 10.841630606119999, 14.082188924414998, 12.489916049543, 11.799449777259, 15.186017464544998, 15.7502284891, 11.773978320192999, 12.949022188454999, 16.297626472772997, 12.426855879441, 13.945913968773999, 13.256633022407998, 13.619448847672999, 14.366610706497, 20.974828198481, 19.610178556354, 20.519971229523996, 21.656397680688, 20.871636657873996, 22.785247383389, 20.494223831859, 20.91741340831, 23.308957370406, 20.671802787051, 13.791875365864998, 13.510391620072, 14.739924267821, 12.387118965238999, 14.791429241997, 13.867427285047999, 14.846859749437, 11.555128632149998, 12.980354070776999, 15.328127098717001, 11.312378361973, 12.457484922326998, 13.761396863908999, 15.045834771907998, 10.642074013791, 12.021187402081999, 12.96036718461, 12.230559852160999, 13.693658434916, 13.350529776296], [4.564915659824, 2.3327432001729997, 4.514996364, 3.1768207829520003, 5.123737631318, 3.6239666035119997, 4.726951457989999, 4.410415558466, 1.731299744807, 1.1384115120490002, 16.250766437327, 12.77929707489, 12.480722615841001, 12.078983102502999, 13.574350002270002, 16.200495155909003, 12.19237660661, 15.683621183349999, 13.999371852328, 13.254734453309, 16.70152764564, 17.29387973354, 12.984242559263, 14.29349040301, 17.931072660318, 13.714349571621002, 15.386110084649001, 14.614247139368, 15.056907147633, 15.870342316837, 22.925428676086, 21.418293381884, 22.368677369853998, 23.649035110823, 22.785247383389, 24.883325973329, 22.359298734384, 22.862583525355, 25.471827711786, 22.526633612940998, 15.390439859515, 15.081529839677, 16.445279128336, 13.920327498604, 16.519339413307, 15.461328583513, 16.590566386037, 13.004158396360001, 14.487637377601999, 17.121185085307, 12.700633728108002, 13.956742184757001, 15.329439626449002, 16.819704702768, 11.961040092596, 13.450887005711998, 14.496295161430002, 13.687202089326, 15.303456957176, 14.916215405591], [4.146418387059, 1.8916142519459997, 3.8947110048900004, 2.692093023477, 4.4998101521430005, 3.1762518952620002, 4.312277452158, 3.8387712824520004, 1.467378788064, 0.9331997253150001, 13.810797699639, 10.684260094275, 10.383067783692, 9.986879713962, 11.279378408823, 13.690116380724, 10.094489754666, 13.348167295899, 11.701249008645, 11.009157430038002, 14.721115791843001, 15.311564834856, 11.359055930154, 12.471959519967, 15.787878181028999, 11.973293100864, 13.444138670523001, 12.79726909152, 13.081566442500002, 13.81866274056, 20.553022057089002, 19.23987969573, 20.19937530009, 21.253862941575, 20.494223831859, 22.359298734384, 20.145159567153005, 20.496902380653005, 22.847623202124, 20.360504843238, 13.02641410899, 12.752520646821, 13.926625843502999, 11.549056627929001, 13.949650224138, 13.118504775537001, 13.987526486964, 10.744311872154, 12.255639546308998, 14.45201722425, 10.565455101795, 11.680565935986, 13.039320974664001, 14.16448855638, 9.919371688089, 11.297816793126, 12.188931768588, 11.491436352393, 12.898707162756, 12.581330351775001], [4.155647438215, 2.320332667601, 4.28883892773, 3.059490259785, 4.797847495765, 3.39902285291, 4.286987483176, 4.159828513882, 1.667144714509, 1.123642133282, 15.616278625744002, 12.432950910645001, 12.187105623687, 11.848459973903, 13.266698580021, 15.635452882075, 11.947694794792, 15.054517358993, 13.622613861209, 12.958344933372999, 15.593049076671, 16.086933061012, 12.196541455927001, 13.454470293448999, 