"""!

@brief Examples of usage and demonstration of abilities of X-Means algorithm in cluster analysis.

@authors Andrei Novikov (pyclustering@yandex.ru)
@date 2014-2017
@copyright GNU Public License

@cond GNU_PUBLIC_LICENSE
    PyClustering is free software: you can redistribute it and/or modify
    it under the terms of the GNU General Public License as published by
    the Free Software Foundation, either version 3 of the License, or
    (at your option) any later version.

    PyClustering is distributed in the hope that it will be useful,
    but WITHOUT ANY WARRANTY; without even the implied warranty of
    MERCHANTABILITY or FITNESS FOR A PARTICULAR PURPOSE.  See the
    GNU General Public License for more details.

    You should have received a copy of the GNU General Public License
    along with this program.  If not, see <http://www.gnu.org/licenses/>.
@endcond

"""

from pyclustering.samples.definitions import SIMPLE_SAMPLES, FCPS_SAMPLES;

from pyclustering.cluster import cluster_visualizer;
# from pyclustering.cluster.xmeans import xmeans, splitting_type;
from xmeans import xmeans, splitting_type
from kmeans_marco import kmeans;
from pyclustering.utils import read_sample, timedcall;


def template_clustering(start_centers, path, tolerance = 0.025, criterion = splitting_type.BAYESIAN_INFORMATION_CRITERION, ccore = False):
    sample = read_sample(path);

    xmeans_instance = xmeans(sample, start_centers, 20, tolerance, criterion, ccore);
    (ticks, result) = timedcall(xmeans_instance.process);

    clusters = xmeans_instance.get_clusters();
    centers = xmeans_instance.get_centers();

    criterion_string = "UNKNOWN";
    if (criterion == splitting_type.BAYESIAN_INFORMATION_CRITERION): criterion_string = "BAYESIAN INFORMATION CRITERION";
    elif (criterion == splitting_type.MINIMUM_NOISELESS_DESCRIPTION_LENGTH): criterion_string = "MINIMUM NOISELESS DESCRIPTION_LENGTH";

    print("Sample: ", path, "\nInitial centers: '", (start_centers is not None), "', Execution time: '", ticks, "', Number of clusters:", len(clusters), ",", criterion_string, "\n");

    visualizer = cluster_visualizer();
    visualizer.set_canvas_title(criterion_string);
    visualizer.append_clusters(clusters, sample);
    visualizer.append_cluster(centers, None, marker = '*');
    visualizer.show();


def cluster_sample1():
    "Start with wrong number of clusters."
    start_centers = [[3.7, 5.5]];
    template_clustering(start_centers, SIMPLE_SAMPLES.SAMPLE_SIMPLE1, criterion = splitting_type.BAYESIAN_INFORMATION_CRITERION);
    template_clustering(start_centers, SIMPLE_SAMPLES.SAMPLE_SIMPLE1, criterion = splitting_type.MINIMUM_NOISELESS_DESCRIPTION_LENGTH);

def cluster_sample1_without_initial_centers():
    template_clustering(None, SIMPLE_SAMPLES.SAMPLE_SIMPLE1, criterion = splitting_type.BAYESIAN_INFORMATION_CRITERION);
    template_clustering(None, SIMPLE_SAMPLES.SAMPLE_SIMPLE1, criterion = splitting_type.MINIMUM_NOISELESS_DESCRIPTION_LENGTH);

def cluster_sample2():
    "Start with wrong number of clusters."
    start_centers = [[3.5, 4.8], [2.6, 2.5]];
    template_clustering(start_centers, SIMPLE_SAMPLES.SAMPLE_SIMPLE2, criterion = splitting_type.BAYESIAN_INFORMATION_CRITERION);
    template_clustering(start_centers, SIMPLE_SAMPLES.SAMPLE_SIMPLE2, criterion = splitting_type.MINIMUM_NOISELESS_DESCRIPTION_LENGTH);

def cluster_sample2_without_initial_centers():
    template_clustering(None, SIMPLE_SAMPLES.SAMPLE_SIMPLE2, criterion = splitting_type.BAYESIAN_INFORMATION_CRITERION);
    template_clustering(None, SIMPLE_SAMPLES.SAMPLE_SIMPLE2, criterion = splitting_type.MINIMUM_NOISELESS_DESCRIPTION_LENGTH);

def cluster_sample3():
    "Start with wrong number of clusters."
    start_centers = [[0.2, 0.1], [4.0, 1.0]];
    template_clustering(start_centers, SIMPLE_SAMPLES.SAMPLE_SIMPLE3, criterion = splitting_type.BAYESIAN_INFORMATION_CRITERION);
    template_clustering(start_centers, SIMPLE_SAMPLES.SAMPLE_SIMPLE3, criterion = splitting_type.MINIMUM_NOISELESS_DESCRIPTION_LENGTH);

def cluster_sample3_without_initial_centers():
    template_clustering(None, SIMPLE_SAMPLES.SAMPLE_SIMPLE3, criterion = splitting_type.BAYESIAN_INFORMATION_CRITERION);
    template_clustering(None, SIMPLE_SAMPLES.SAMPLE_SIMPLE3, criterion = splitting_type.MINIMUM_NOISELESS_DESCRIPTION_LENGTH);

def cluster_sample4():
    start_centers = [[1.5, 0.0], [1.5, 2.0], [1.5, 4.0], [1.5, 6.0], [1.5, 8.0]];
    template_clustering(start_centers, SIMPLE_SAMPLES.SAMPLE_SIMPLE4, criterion = splitting_type.BAYESIAN_INFORMATION_CRITERION);
    template_clustering(start_centers, SIMPLE_SAMPLES.SAMPLE_SIMPLE4, criterion = splitting_type.MINIMUM_NOISELESS_DESCRIPTION_LENGTH);

def cluster_sample4_without_initial_centers():
    template_clustering(None, SIMPLE_SAMPLES.SAMPLE_SIMPLE4, criterion = splitting_type.BAYESIAN_INFORMATION_CRITERION);
    template_clustering(None, SIMPLE_SAMPLES.SAMPLE_SIMPLE4, criterion = splitting_type.MINIMUM_NOISELESS_DESCRIPTION_LENGTH);

def cluster_sample5():
    "Start with wrong number of clusters."
    start_centers = [[0.0, 1.0], [0.0, 0.0]];
    template_clustering(start_centers, SIMPLE_SAMPLES.SAMPLE_SIMPLE5, criterion = splitting_type.BAYESIAN_INFORMATION_CRITERION);
    template_clustering(start_centers, SIMPLE_SAMPLES.SAMPLE_SIMPLE5, criterion = splitting_type.MINIMUM_NOISELESS_DESCRIPTION_LENGTH);

def cluster_sample5_without_initial_centers():
    template_clustering(None, SIMPLE_SAMPLES.SAMPLE_SIMPLE5, criterion = splitting_type.BAYESIAN_INFORMATION_CRITERION);
    template_clustering(None, SIMPLE_SAMPLES.SAMPLE_SIMPLE5, criterion = splitting_type.MINIMUM_NOISELESS_DESCRIPTION_LENGTH);

def cluster_elongate():
    "Not so applicable for this sample"
    start_centers = [[1.0, 4.5], [3.1, 2.7]];
    template_clustering(start_centers, SIMPLE_SAMPLES.SAMPLE_ELONGATE, criterion = splitting_type.BAYESIAN_INFORMATION_CRITERION);
    template_clustering(start_centers, SIMPLE_SAMPLES.SAMPLE_ELONGATE, criterion = splitting_type.MINIMUM_NOISELESS_DESCRIPTION_LENGTH);

def cluster_lsun():
    "Not so applicable for this sample"
    start_centers = [[1.0, 3.5], [2.0, 0.5], [3.0, 3.0]];
    template_clustering(start_centers, FCPS_SAMPLES.SAMPLE_LSUN, criterion = splitting_type.BAYESIAN_INFORMATION_CRITERION);
    template_clustering(start_centers, FCPS_SAMPLES.SAMPLE_LSUN, criterion = splitting_type.MINIMUM_NOISELESS_DESCRIPTION_LENGTH);

def cluster_target():
    "Not so applicable for this sample"
    start_centers = [[0.2, 0.2], [0.0, -2.0], [3.0, -3.0], [3.0, 3.0], [-3.0, 3.0], [-3.0, -3.0]];
    template_clustering(start_centers, FCPS_SAMPLES.SAMPLE_TARGET, criterion = splitting_type.BAYESIAN_INFORMATION_CRITERION);
    template_clustering(start_centers, FCPS_SAMPLES.SAMPLE_TARGET, criterion = splitting_type.MINIMUM_NOISELESS_DESCRIPTION_LENGTH);

def cluster_two_diamonds():
    "Start with wrong number of clusters."
    start_centers = [[0.8, 0.2]];
    template_clustering(start_centers, FCPS_SAMPLES.SAMPLE_TWO_DIAMONDS, criterion = splitting_type.BAYESIAN_INFORMATION_CRITERION);
    template_clustering(start_centers, FCPS_SAMPLES.SAMPLE_TWO_DIAMONDS, criterion = splitting_type.MINIMUM_NOISELESS_DESCRIPTION_LENGTH);

def cluster_two_diamonds_without_initial_centers():
    template_clustering(None, FCPS_SAMPLES.SAMPLE_TWO_DIAMONDS, criterion = splitting_type.BAYESIAN_INFORMATION_CRITERION);
    template_clustering(None, FCPS_SAMPLES.SAMPLE_TWO_DIAMONDS, criterion = splitting_type.MINIMUM_NOISELESS_DESCRIPTION_LENGTH);

def cluster_wing_nut():
    start_centers = [[-1.5, 1.5], [1.5, 1.5]];
    template_clustering(start_centers, FCPS_SAMPLES.SAMPLE_WING_NUT, criterion = splitting_type.BAYESIAN_INFORMATION_CRITERION);
    template_clustering(start_centers, FCPS_SAMPLES.SAMPLE_WING_NUT, criterion = splitting_type.MINIMUM_NOISELESS_DESCRIPTION_LENGTH);

def cluster_chainlink():
    start_centers = [[1.1, -1.7, 1.1], [-1.4, 2.5, -1.2]];
    template_clustering(start_centers, FCPS_SAMPLES.SAMPLE_CHAINLINK, criterion = splitting_type.BAYESIAN_INFORMATION_CRITERION);
    template_clustering(start_centers, FCPS_SAMPLES.SAMPLE_CHAINLINK, criterion = splitting_type.MINIMUM_NOISELESS_DESCRIPTION_LENGTH);

def cluster_hepta():
    "Start with wrong number of clusters."
    start_centers = [[0.0, 0.0, 0.0], [3.0, 0.0, 0.0], [-2.0, 0.0, 0.0], [0.0, 3.0, 0.0], [0.0, -3.0, 0.0], [0.0, 0.0, 2.5]];
    template_clustering(start_centers, FCPS_SAMPLES.SAMPLE_HEPTA, criterion = splitting_type.BAYESIAN_INFORMATION_CRITERION);
    template_clustering(start_centers, FCPS_SAMPLES.SAMPLE_HEPTA, criterion = splitting_type.MINIMUM_NOISELESS_DESCRIPTION_LENGTH);

def cluster_tetra():
    start_centers = [[1, 0, 0], [0, 1, 0], [0, -1, 0], [-1, 0, 0]];
    template_clustering(start_centers, FCPS_SAMPLES.SAMPLE_TETRA, criterion = splitting_type.BAYESIAN_INFORMATION_CRITERION);
    template_clustering(start_centers, FCPS_SAMPLES.SAMPLE_TETRA, criterion = splitting_type.MINIMUM_NOISELESS_DESCRIPTION_LENGTH);

def experiment_execution_time(ccore_flag = False):
    template_clustering([[3.7, 5.5]], SIMPLE_SAMPLES.SAMPLE_SIMPLE1, ccore = ccore_flag);
    template_clustering([[3.5, 4.8], [2.6, 2.5]], SIMPLE_SAMPLES.SAMPLE_SIMPLE2, ccore = ccore_flag);
    template_clustering([[0.2, 0.1], [4.0, 1.0]], SIMPLE_SAMPLES.SAMPLE_SIMPLE3, ccore = ccore_flag);
    template_clustering([[1.5, 0.0], [1.5, 2.0], [1.5, 4.0], [1.5, 6.0], [1.5, 8.0]], SIMPLE_SAMPLES.SAMPLE_SIMPLE4, ccore = ccore_flag);
    template_clustering([[0.0, 1.0], [0.0, 0.0]], SIMPLE_SAMPLES.SAMPLE_SIMPLE5, ccore = ccore_flag);
    template_clustering([[1.0, 4.5], [3.1, 2.7]], SIMPLE_SAMPLES.SAMPLE_ELONGATE, ccore = ccore_flag);
    template_clustering([[1.0, 3.5], [2.0, 0.5], [3.0, 3.0]], FCPS_SAMPLES.SAMPLE_LSUN, ccore = ccore_flag);
    template_clustering([[0.2, 0.2], [0.0, -2.0], [3.0, -3.0], [3.0, 3.0], [-3.0, 3.0], [-3.0, -3.0]], FCPS_SAMPLES.SAMPLE_TARGET, ccore = ccore_flag);
    template_clustering([[0.8, 0.2]], FCPS_SAMPLES.SAMPLE_TWO_DIAMONDS, ccore = ccore_flag);
    template_clustering([[-1.5, 1.5], [1.5, 1.5]], FCPS_SAMPLES.SAMPLE_WING_NUT, ccore = ccore_flag);
    template_clustering([[1.1, -1.7, 1.1], [-1.4, 2.5, -1.2]], FCPS_SAMPLES.SAMPLE_CHAINLINK, ccore = ccore_flag);
    template_clustering([[0.0, 0.0, 0.0], [3.0, 0.0, 0.0], [-2.0, 0.0, 0.0], [0.0, 3.0, 0.0], [0.0, -3.0, 0.0], [0.0, 0.0, 2.5]], FCPS_SAMPLES.SAMPLE_HEPTA, ccore = ccore_flag)
    template_clustering([[1, 0, 0], [0, 1, 0], [0, -1, 0], [-1, 0, 0]], FCPS_SAMPLES.SAMPLE_TETRA, ccore = ccore_flag);
    template_clustering([[1, 0, 0], [0, 1, 0], [0, -1, 0], [-1, 0, 0]], FCPS_SAMPLES.SAMPLE_ATOM);

def cluster_example_with_gram_matrix_without_initial_centers():
    # gram_matrix = [[0.0,1.0,1.0,13.0,25.0],[1.0,0.0,2.0,8.0,120.0],[1.0,2.0,0.0,10.0,18.0],[13.0,8.0,10.0,0.0,4.0],[25.0,120.0,18.0,4.0,0.0]];
    # gram_matrix = [[0.0,1.0,1.0,13.0,25.0],[1.0,0.0,2.0,8.0,2.0],[1.0,2.0,0.0,10.0,18.0],[13.0,8.0,10.0,0.0,4.0],[25.0,2.0,18.0,4.0,0.0]];
    #gram_matrix = [[42.529316490802, 42.717195285258, 41.805586172258, 42.978501640665996, 44.947537609731, 67.11094076958, 63.678011905026004, 66.310339525968, 66.346686765112, 64.240854664512], [42.717195285258, 42.98070563613, 41.977454326098, 43.247573480802, 45.215452860866996, 67.865308959276, 64.438999860762, 66.960868291632, 67.121517748872, 64.925375521176], [41.805586172258, 41.977454326098, 41.096366664404, 42.23355903671, 44.17077567328, 65.890462310272, 62.512220529489994, 65.12066685559199, 65.135130172156, 63.079009970274], [42.978501640665996, 43.247573480802, 42.23355903671, 43.516306488106, 45.495703276581, 68.304626633076, 64.858508648106, 67.389357355104, 67.55754427144, 65.343690739164], [44.947537609731, 45.215452860866996, 44.17077567328, 45.495703276581, 47.567561523780995, 71.351422915636, 67.743495902731, 70.412301958164, 70.56581610466999, 68.26513874790899], [67.11094076958, 67.865308959276, 65.890462310272, 68.304626633076, 71.351422915636, 108.703568183632, 103.419789987916, 106.82622402504, 107.64351116280801, 103.824638625396], [63.678011905026004, 64.438999860762, 62.512220529489994, 64.858508648106, 67.743495902731, 103.419789987916, 98.419459482706, 101.577857553744, 102.42836573036, 98.755881560544], [66.310339525968, 66.960868291632, 65.12066685559199, 67.389357355104, 70.412301958164, 106.82622402504, 101.577857553744, 105.098448426912, 105.748587762288, 102.077980935768], [66.346686765112, 67.121517748872, 65.135130172156, 67.55754427144, 70.56581610466999, 107.64351116280801, 102.42836573036, 105.748587762288, 106.60478522218399, 102.797937856836], [64.240854664512, 64.925375521176, 63.079009970274, 65.343690739164, 68.26513874790899, 103.824638625396, 98.755881560544, 102.077980935768, 102.797937856836, 99.18308837133]]

    gram_matrix = [[29.81182102034393, 34.82717581745833, 82.15734744079732, 11.07237110481967, 13.20711149633083, 9.673520387247331, 8.81111489046932, 9.242828694921933, 8.21843911862111, 8.21843911862111, 12.182721920030009, 11.91016050876572, 7.9458777073568205, 11.07237110481967, 11.91016050876572, 7.108088303410771, 4.8468320890604195, 8.155111344329754, 8.81111489046932, 47.39631181055362, 33.687990518838234, 19.529688489841856, 15.218439764035054, 15.42767340100799, 8.21843911862111, 29.144192239677686, 8.81111489046932, 13.99971267105685, 4.8468320890604195, 16.43064287154545, 13.99971267105685, 69.46181979575071, 8.81111489046932, 59.381643973098704, 13.227872803717455, 16.253926948088452, 35.368090853263624, 7.108088303410771, 53.053999196440586, 9.673520387247331, 26.470817422838987, 68.73600518863218, 8.81111489046932, 9.673520387247331, 36.61695498553718, 25.960566561567134, 26.726581656045504, 75.42315175634158, 24.050170852621584, 22.475577958679445, 22.475577958679445, 24.602449949229555, 15.87444331017462, 34.51528975312963, 14.376755779082103, 29.95720647693384, 18.87349930686244, 19.409950661430464, 4.8468320890604195, 5.993274889530036, 45.007569127750365, 70.67008426846455, 37.566318152686435, 8.81111489046932, 33.602035351277536, 4.8468320890604195, 50.80913494877566, 12.180849762798472, 4.8468320890604195, 7.108088303410771, 50.80913494877566, 35.89289141564432, 12.119394145738653, 50.80913494877566, 46.844852147366765, 15.14544829010965, 58.48924187456816, 39.60430198082318, 40.415791665440715, 37.505744434387154, 51.60180413829011, 27.348101069858885, 27.941901544645773, 32.31085559677239, 20.151207903655237, 23.383818268449982, 14.737822986658337, 16.186925102246338, 8.155111344329754, 37.7385767258503, 112.08929590328559, 30.0404590910818, 48.47779117793053, 49.07159165271741, 48.47779117793053, 49.07159165271741, 27.348101069858885, 34.381193851191995, 31.08193590321849, 31.08193590321849, 22.342341456313296, 25.49137365081957, 8.81111489046932, 7.803858175952703, 8.81111489046932, 11.181165488700751, 43.47203156438493], [34.82717581745833, 44.838167880924985, 101.96246798633558, 13.694084589048677, 15.199767544291381, 11.074184520292837, 10.8596677775063, 10.623523516763061, 9.59913394046224, 9.59913394046224, 14.17537796799056, 14.531873992994726, 9.955629965466404, 13.694084589048677, 14.531873992994726, 9.117840561520355, 5.584871784844343, 9.46695479253577, 10.8596677775063, 58.67660232651231, 41.22437991733892, 23.51004766401553, 18.41395700068615, 17.92528182775552, 9.59913394046224, 34.59307448872287, 10.161115812372664, 16.429466472845395, 5.584871784844343, 19.8378414485271, 16.429466472845395, 85.32958111100875, 10.161115812372664, 74.15467938400901, 15.458415032525624, 19.2693111144192, 46.92304514322447, 8.358422925906646, 67.54876937910507, 11.074184520292837, 31.624607949395546, 95.86954345219216, 10.8596677775063, 11.074184520292837, 44.72697173745153, 33.064324982027244, 32.166912942448164, 93.01753754203318, 28.117463154414267, 27.44675985385042, 27.44675985385042, 29.778165313848294, 19.108118020523047, 42.02204865711595, 19.50990728347812, 36.05347497957534, 24.953017714293775, 23.54656884170765, 6.283423749977979, 6.845625559527899, 55.25094799016044, 89.38810768227474, 45.68897513243125, 10.161115812372664, 41.112731104902934, 5.584871784844343, 61.94161776240774, 15.38595821135312, 5.584871784844343, 9.335449768665109, 61.94161776240774, 43.935829651961306, 14.043198820064092, 61.94161776240774, 57.36537373487942, 17.854094901957666, 78.19831988944823, 50.67530173301247, 52.35464003491926, 46.07809871153823, 65.22398373111048, 32.61407778218781, 34.006407432200106, 39.74300959986012, 23.95721250375517, 28.037833754659495, 19.783696077113014, 19.380968476226855, 9.46695479253577, 50.6962607269584, 142.16756730054703, 38.60361045367435, 59.079236507618596, 60.47156615763089, 59.079236507618596, 60.47156615763089, 32.61407778218781, 41.797301638030575, 40.13048402794354, 40.13048402794354, 26.5109601803903, 34.94640655822933, 10.161115812372664, 10.37306375043812, 10.161115812372664, 13.277850874429344, 52.97611890582109], [82.15734744079732, 101.96246798633558, 530.1663006557984, 30.34206708011618, 35.300826696475696, 24.89031844248283, 20.036260168581364, 24.58800966793136, 22.476449703724203, 22.476449703724203, 33.189266732268536, 28.223243788299918, 19.0246237568285, 26.784215885090674, 28.223243788299918, 17.585595853619264, 10.83764013710995, 26.737434777552192, 20.036260168581364, 175.9694506312699, 103.65200005445828, 53.81721038097126, 39.55216872664181, 47.26497974736551, 27.078786300154494, 119.05615399943163, 22.59514088065237, 39.304623249108246, 13.396520849180952, 45.630226761252715, 39.304623249108246, 260.16591798926095, 22.59514088065237, 359.35053662223163, 45.80896132948473, 58.55077863823148, 190.20331581515595, 17.585595853619264, 221.5980374321541, 23.376121445409908, 73.2874752056681, 365.84983973102396, 20.036260168581364, 24.89031844248283, 132.7735448265667, 84.39224535971664, 77.10573759805207, 296.4142230837668, 78.17986593335405, 70.60631551220227, 69.31668858195562, 67.20281075356276, 37.42186381977133, 174.40752164503232, 49.59965873557389, 146.30637593453685, 60.37457249333232, 57.31361690322758, 10.83764013710995, 12.893972930034092, 209.14668863311837, 467.555158235091, 128.9110345897149, 20.036260168581364, 119.7124145582435, 10.83764013710995, 179.517662038181, 30.971196226210758, 10.83764013710995, 21.328626079011066, 179.517662038181, 119.85612918585338, 35.93605480902362, 179.517662038181, 170.31904200670957, 48.677872117770356, 261.59196405535783, 175.63184220627596, 179.14812940547927, 182.8294882760925, 368.6530211913011, 113.48861766107049, 132.39114334009454, 169.55436049804425, 86.25991675956762, 104.28999762959907, 65.1159565149553, 77.06129672809618, 26.737434777552192, 161.7754932359581, 669.9643732443033, 125.193497270278, 232.17471328036297, 247.22140633554508, 232.17471328036297, 247.22140633554508, 113.48861766107049, 103.82329280689672, 142.18790908815106, 142.18790908815106, 82.44306072552041, 108.56533055489909, 22.59514088065237, 17.585595853619264, 22.59514088065237, 46.015739792546114, 205.98168143101853], [11.07237110481967, 13.694084589048677, 30.34206708011618, 12.834398514438, 8.254189196593273, 6.794461142097793, 7.36293548849617, 5.235194034537885, 5.235194034537885, 5.235194034537885, 8.254189196593273, 8.934153515203269, 7.384145551924243, 8.934153515203269, 11.073082528815418, 5.915158353147881, 3.775465980042405, 5.86731614400804, 9.857679235663465, 26.601010871961716, 21.893750095593113, 15.569163338294759, 13.547639952510842, 10.914513706957285, 5.941127457007112, 17.062193982119474, 7.898832405350957, 8.81438440848525, 5.49680690280355, 13.681824689174064, 8.81438440848525, 39.055954298690345, 9.857679235663465, 23.30889176743221, 9.676789905263261, 11.382754187385617, 16.73232768622828, 5.816652932865877, 23.045900533358562, 6.794461142097793, 18.27324226617665, 33.44444008556427, 7.36293548849617, 6.794461142097793, 27.97494125529254, 22.339978494533813, 20.854108034792304, 38.32205522688075, 17.516172602022575, 18.466048056267294, 18.466048056267294, 20.309718420531084, 11.953148677258655, 21.80141162988687, 14.154960708163296, 19.596785759997616, 15.635773367785673, 13.633218918568602, 5.49680690280355, 3.775465980042405, 17.66865471142479, 25.966197302289977, 21.977888090583452, 6.794461142097793, 18.958892928528066, 3.775465980042405, 28.887053698846735, 9.812935075347195, 4.7663250134319854, 6.4994382534781945, 28.887053698846735, 21.70612841031354, 10.993467177090361, 29.64647133446044, 25.86805853679134, 13.020091792543234, 47.57837109683375, 31.07671947675903, 33.138091877313336, 26.285646145470494, 32.311219290063676, 22.48848864158502, 21.38968263355162, 22.52249857079747, 16.39132851104556, 18.799551664693844, 13.62381671274128, 12.702391534154385, 7.304530200199187, 32.1788558311564, 41.88100451299672, 25.391727542065773, 34.63493552085941, 33.5156222132558, 34.63493552085941, 33.5156222132558, 21.699460218810632, 23.34271047426366, 24.818158830580284, 24.818158830580284, 19.352613076609124, 22.96874186449894, 9.185743879694723, 5.86731614400804, 9.185743879694723, 10.355544391952883, 31.519567255453712], [13.20711149633083, 15.199767544291381, 35.300826696475696, 8.254189196593273, 12.834398514438, 9.857679235663465, 8.45526199032316, 8.473526181578084, 7.384145551924243, 7.384145551924243, 11.74501788478416, 11.073082528815418, 5.941127457007112, 10.199337524647019, 8.9601226190625, 6.510400547755844, 3.775465980042405, 5.86731614400804, 6.794461142097793, 34.186178641587574, 26.368188061213015, 13.85563608952531, 11.051972783028132, 10.978161470029061, 7.384145551924243, 25.138666107351995, 6.794461142097793, 12.124700634160565, 3.775465980042405, 11.689974612560604, 12.124700634160565, 50.51646997794762, 6.794461142097793, 25.215427911499134, 10.027965416283394, 11.807239146479752, 15.198368556928035, 5.235194034537885, 23.590185373358093, 9.185743879694723, 22.199971654324774, 28.924723893224353, 8.45526199032316, 9.857679235663465, 23.900066701003517, 17.644326429410036, 18.391768135350926, 53.6227551144903, 16.58548808302342, 15.642793141982326, 15.642793141982326, 17.434826463472675, 14.762019505706593, 22.836005999735484, 9.729817796891835, 20.469355163796976, 15.62530757762343, 15.686149125604063, 3.775465980042405, 3.775465980042405, 19.12254595545322, 27.808560874380113, 28.413628899581504, 6.794461142097793, 24.724691922690326, 3.775465980042405, 37.588972425686876, 10.841576457346118, 3.775465980042405, 5.235194034537885, 37.588972425686876, 27.05543573852823, 8.886311306063426, 31.35624989490319, 33.9000354487957, 10.665585036259785, 35.485727020768806, 24.530810452271965, 25.343722051427097, 22.420170959055536, 27.808560874380113, 17.953790765659658, 17.301446439542772, 19.12254595545322, 13.417658719834044, 14.934795603604268, 9.639245922164946, 10.398663557778654, 5.86731614400804, 23.622454783433007, 43.93529477905335, 19.4120859327592, 29.429746846908483, 28.777402520791597, 29.429746846908483, 28.777402520791597, 17.953790765659658, 27.322072860285672, 19.14516445427807, 19.14516445427807, 15.201717082085395, 16.16803401595111, 6.794461142097793, 5.235194034537885, 6.794461142097793, 7.646589874204395, 26.677673163334223], [9.673520387247331, 11.074184520292837, 24.89031844248283, 6.794461142097793, 9.857679235663465, 8.480126654973105, 7.136255943035621, 6.093270691615067, 6.093270691615067, 6.093270691615067, 9.857679235663465, 8.45526199032316, 4.267821253977894, 8.45526199032316, 6.794461142097793, 5.362788802243504, 3.1570322364424133, 4.849280152305886, 5.683672124562312, 26.140380580356425, 20.489631423726625, 9.765763123141646, 8.486709057961267, 9.068167956289258, 6.093270691615067, 18.88661153955031, 5.683672124562312, 9.883255946214302, 3.1570322364424133, 8.654974105606165, 9.883255946214302, 39.138717692698805, 5.683672124562312, 18.933793573969442, 8.342400924889088, 9.621454990069468, 11.526834777606997, 4.267821253977894, 16.988572782848294, 7.808191299004363, 17.849040588417488, 21.33160189723588, 7.136255943035621, 8.480126654973105, 17.029757782914416, 12.344154899083206, 13.310949292902711, 37.87650680665263, 11.62627608665002, 10.994153977179863, 10.994153977179863, 12.677424997396855, 11.547735178402815, 17.97301715615709, 6.846213029919456, 16.385869053404, 12.569307108024278, 12.36170614318598, 3.1570322364424133, 3.1570322364424133, 14.497680580606541, 20.208623474214875, 22.273932438550208, 5.683672124562312, 19.181459250470553, 3.1570322364424133, 29.3358155373057, 8.886657998993522, 3.1570322364424133, 4.267821253977894, 29.3358155373057, 21.002212112272687, 7.375920040425786, 24.47227239411175, 26.24334234922604, 8.654974105606165, 26.866702910694542, 18.813471041617987, 19.533431593030883, 17.0462487891118, 20.208623474214875, 14.299376373546373, 13.359884588179565, 14.497680580606541, 10.754190203785306, 11.772736485426472, 7.528998350531772, 8.227550315665408, 4.849280152305886, 18.054053406004282, 31.749260106320023, 15.127106840685755, 22.668722736666645, 21.72923095129984, 22.668722736666645, 21.72923095129984, 14.299376373546373, 21.47412018187567, 14.699683050745, 14.699683050745, 12.20016027536723, 12.474848653338341, 5.683672124562312, 4.267821253977894, 5.683672124562312, 6.128334217486266, 20.569506638487503], [8.81111489046932, 10.8596677775063, 20.036260168581364, 7.36293548849617, 8.45526199032316, 7.136255943035621, 8.480126654973105, 5.362788802243504, 5.362788802243504, 5.362788802243504, 8.45526199032316, 9.857679235663465, 4.836295600376271, 9.857679235663465, 7.36293548849617, 6.093270691615067, 3.1570322364424133, 4.267821253977894, 6.206584489487483, 24.170234697039078, 20.489631423726625, 9.70211536006987, 8.473724506031651, 7.905250159633274, 5.362788802243504, 15.454179331265633, 5.683672124562312, 8.886657998993522, 3.1570322364424133, 8.545764361061181, 8.886657998993522, 34.60811024479865, 5.683672124562312, 15.402321129158029, 7.179483128233102, 8.40787398227132, 10.747361308864859, 4.267821253977894, 17.25252707722545, 7.136255943035621, 17.849040588417488, 23.59497671382831, 8.480126654973105, 7.136255943035621, 16.31509008771207, 13.067400971499776, 13.017018142523078, 34.01516649209658, 10.36203186770971, 10.994153977179863, 10.994153977179863, 12.82087361036541, 12.950152423743122, 14.969856738019418, 8.201581211806177, 13.494237516888557, 13.682998122050703, 12.36170614318598, 3.679944601367583, 3.1570322364424133, 12.497873616087585, 16.77601415231623, 20.46168945939015, 5.683672124562312, 17.369216271310496, 3.1570322364424133, 26.61745106856561, 9.883255946214302, 3.1570322364424133, 4.849280152305886, 26.61745106856561, 20.096090622692657, 6.794461142097793, 22.200976898502375, 23.52497788048595, 8.02285199613601, 27.413227885645405, 17.74841270027133, 19.37549133211731, 14.462355176537722, 16.77601415231623, 12.68775570049256, 11.636735033503522, 12.497873616087585, 9.372852918039355, 10.161115812372664, 7.544764995053092, 6.846213029919456, 4.267821253977894, 18.50783033588504, 28.00688534043688, 14.92279255723713, 19.689417208564034, 18.638396541574995, 19.689417208564034, 18.638396541574995, 12.68775570049256, 21.47412018187567, 13.746153591020574, 13.746153591020574, 11.337754778589218, 12.908220664543279, 5.683672124562312, 4.849280152305886, 5.683672124562312, 5.496212108016112, 18.339416286660693], [9.242828694921933, 10.623523516763061, 24.58800966793136, 5.235194034537885, 8.473526181578084, 6.093270691615067, 5.362788802243504, 6.204747329062235, 5.115366699408394, 5.115366699408394, 7.384145551924243, 7.384145551924243, 4.05937376934717, 6.510400547755844, 5.941127457007112, 4.241621695239996, 2.386067566317953, 3.9855624563480974, 4.267821253977894, 23.207108424828697, 17.10334101144587, 9.793129461347577, 7.540622347037256, 7.466811034038183, 5.115366699408394, 16.741463620575455, 4.267821253977894, 8.220065652934212, 2.386067566317953, 8.119823258318359, 8.220065652934212, 33.66449743705794, 4.267821253977894, 17.509146964941248, 6.235000362832362, 7.463117900841858, 10.739143434200509, 3.3534403468779437, 16.386338218273806, 6.093270691615067, 14.129341552547697, 19.726103861752936, 5.362788802243504, 6.093270691615067, 16.932339817827057, 12.418702382926023, 12.797888585611089, 37.06725444995165, 11.971825262658825, 11.029130321617735, 11.029130321617735, 12.04256736783184, 9.652924404440093, 14.764498350418911, 6.684946690925616, 13.072617890213584, 10.39994072293339, 10.17006854194598, 2.386067566317953, 2.386067566317953, 13.440962260899692, 20.11398538137676, 19.162752831982587, 4.267821253977894, 16.89397397946674, 2.386067566317953, 25.44933325799699, 6.936941476119762, 2.386067566317953, 3.3534403468779437, 25.44933325799699, 17.924319854445816, 5.86731614400804, 21.264389202968026, 23.180554405481143, 7.095433682017538, 23.88685511555099, 16.85582297276242, 16.993523960916022, 15.88242495394144, 20.11398538137676, 12.240305263735891, 12.050432036281274, 13.440962260899692, 9.235546139472378, 10.35855157607595, 6.5943748161987275, 7.353792451812436, 3.9855624563480974, 15.94746730392346, 31.34830238212057, 13.023830055102255, 20.46758753027798, 20.277714302823366, 20.46758753027798, 20.277714302823366, 12.240305263735891, 17.564981431444, 13.282188824897155, 13.282188824897155, 10.100192806281049, 10.979828762303372, 4.267821253977894, 3.3534403468779437, 4.267821253977894, 5.213679994357597, 18.327475072823145], [8.21843911862111, 9.59913394046224, 22.476449703724203, 5.235194034537885, 7.384145551924243, 6.093270691615067, 5.362788802243504, 5.115366699408394, 6.204747329062235, 5.115366699408394, 8.473526181578084, 6.510400547755844, 3.3534403468779437, 7.384145551924243, 5.235194034537885, 5.115366699408394, 2.9675264646459456, 3.9855624563480974, 4.267821253977894, 23.207108424828697, 17.10334101144587, 8.062806462577528, 6.83468892456803, 7.466811034038183, 5.115366699408394, 15.090199582524537, 4.267821253977894, 9.309446282588052, 2.386067566317953, 7.095433682017538, 9.309446282588052, 33.66449743705794, 4.267821253977894, 17.509146964941248, 6.235000362832362, 8.487507477142682, 10.739143434200509, 3.3534403468779437, 15.076092307012571, 6.093270691615067, 14.129341552547697, 21.35173193731695, 5.362788802243504, 6.093270691615067, 14.725534635757398, 10.417285963866739, 11.067565586841042, 33.4444504003127, 9.92304611005718, 9.166951341370863, 9.166951341370863, 10.31224436906179, 8.779179400271694, 16.29892161534612, 5.707919848167155, 13.072617890213584, 10.39994072293339, 10.17006854194598, 2.386067566317953, 2.386067566317953, 14.9753855258269, 22.225545345583917, 19.162752831982587, 4.849280152305886, 16.89397397946674, 2.386067566317953, 25.44933325799699, 7.810686480288162, 2.386067566317953, 3.3534403468779437, 25.44933325799699, 17.924319854445816, 5.86731614400804, 21.264389202968026, 23.180554405481143, 7.095433682017538, 25.197101026812227, 16.85582297276242, 18.303769872177256, 15.88242495394144, 22.225545345583917, 12.240305263735891, 12.050432036281274, 14.9753855258269, 9.235546139472378, 10.35855157607595, 6.5943748161987275, 7.353792451812436, 3.9855624563480974, 15.94746730392346, 33.459862346327725, 13.023830055102255, 20.46758753027798, 21.812137567750575, 22.002010795205194, 21.812137567750575, 12.240305263735891, 17.564981431444, 13.282188824897155, 13.282188824897155, 10.100192806281049, 10.979828762303372, 4.267821253977894, 3.3534403468779437, 4.267821253977894, 5.213679994357597, 19.861898337750354], [8.21843911862111, 9.59913394046224, 22.476449703724203, 5.235194034537885, 7.384145551924243, 6.093270691615067, 5.362788802243504, 5.115366699408394, 5.115366699408394, 6.204747329062235, 7.384145551924243, 6.510400547755844, 3.3534403468779437, 6.510400547755844, 5.816652932865877, 4.241621695239996, 2.386067566317953, 3.9855624563480974, 4.267821253977894, 26.829912474467644, 17.10334101144587, 8.062806462577528, 6.83468892456803, 7.466811034038183, 5.115366699408394, 15.090199582524537, 4.267821253977894, 8.220065652934212, 2.386067566317953, 7.095433682017538, 8.220065652934212, 33.66449743705794, 4.267821253977894, 19.620706929148405, 6.235000362832362, 7.463117900841858, 10.739143434200509, 3.3534403468779437, 16.239719322125804, 6.093270691615067, 14.129341552547697, 19.726103861752936, 5.362788802243504, 6.093270691615067, 14.725534635757398, 10.417285963866739, 11.067565586841042, 35.255852425132176, 9.92304611005718, 9.166951341370863, 9.166951341370863, 10.31224436906179, 9.509661289643258, 14.764498350418911, 5.707919848167155, 13.072617890213584, 10.39994072293339, 10.17006854194598, 2.386067566317953, 2.386067566317953, 13.440962260899692, 20.11398538137676, 19.162752831982587, 4.267821253977894, 16.89397397946674, 2.9675264646459456, 25.44933325799699, 6.936941476119762, 2.9675264646459456, 3.3534403468779437, 25.44933325799699, 17.924319854445816, 6.448775042336032, 21.264389202968026, 23.180554405481143, 8.701282156646354, 25.77855992514022, 18.971705136017622, 18.599372435544836, 15.88242495394144, 20.11398538137676, 12.821764162063884, 12.050432036281274, 13.440962260899692, 9.81700503780037, 10.35855157607595, 6.5943748161987275, 7.353792451812436, 3.9855624563480974, 19.14941802477393, 31.34830238212057, 15.939924440992307, 21.049046428605973, 20.277714302823366, 21.049046428605973, 20.277714302823366, 13.846153738364704, 17.564981431444, 13.282188824897155, 13.282188824897155, 11.706041280909867, 10.979828762303372, 4.849280152305886, 3.3534403468779437, 4.849280152305886, 5.213679994357597, 19.933323547451963], [12.182721920030009, 14.17537796799056, 33.189266732268536, 8.254189196593273, 11.74501788478416, 9.857679235663465, 8.45526199032316, 7.384145551924243, 8.473526181578084, 7.384145551924243, 12.834398514438, 10.199337524647019, 5.235194034537885, 11.073082528815418, 8.254189196593273, 7.384145551924243, 4.356924878370398, 5.86731614400804, 6.794461142097793, 34.186178641587574, 26.368188061213015, 12.125313090755263, 10.346039360558906, 10.978161470029061, 7.384145551924243, 23.48740206930107, 6.794461142097793, 13.214081263814405, 3.775465980042405, 10.665585036259785, 13.214081263814405, 50.51646997794762, 6.794461142097793, 25.215427911499134, 10.027965416283394, 12.831628722780573, 15.198368556928035, 5.235194034537885, 22.279939462096852, 9.185743879694723, 22.199971654324774, 30.55035196878836, 8.45526199032316, 9.857679235663465, 21.693261518933856, 15.64291001035075, 16.661445136580877, 49.99995106485134, 14.536708930421774, 13.780614161735459, 13.780614161735459, 15.704503464702627, 13.888274501538191, 24.37042926466269, 8.752790954133374, 20.469355163796976, 15.62530757762343, 15.686149125604063, 3.775465980042405, 3.775465980042405, 20.65696922038043, 29.920120838587266, 28.413628899581504, 7.375920040425786, 24.724691922690326, 3.775465980042405, 37.588972425686876, 11.715321461514517, 3.775465980042405, 5.235194034537885, 37.588972425686876, 27.05543573852823, 8.886311306063426, 31.35624989490319, 33.9000354487957, 10.665585036259785, 36.79597293203003, 24.530810452271965, 26.65396796268833, 22.420170959055536, 29.920120838587266, 17.953790765659658, 17.301446439542772, 20.65696922038043, 13.417658719834044, 14.934795603604268, 9.639245922164946, 10.398663557778654, 5.86731614400804, 23.622454783433007, 46.0468547432605, 19.4120859327592, 29.429746846908483, 30.31182578571881, 30.964170111835692, 30.31182578571881, 17.953790765659658, 27.322072860285672, 19.14516445427807, 19.14516445427807, 15.201717082085395, 16.16803401595111, 6.794461142097793, 5.235194034537885, 6.794461142097793, 7.646589874204395, 28.212096428261432], [11.91016050876572, 14.531873992994726, 28.223243788299918, 8.934153515203269, 11.073082528815418, 8.45526199032316, 9.857679235663465, 7.384145551924243, 6.510400547755844, 6.510400547755844, 10.199337524647019, 12.834398514438, 6.788903357316279, 11.74501788478416, 9.807898519371667, 7.384145551924243, 3.775465980042405, 5.235194034537885, 7.36293548849617, 31.829645032640194, 26.368188061213015, 13.76071704879339, 11.267626573867146, 9.713917251088754, 6.510400547755844, 20.557501708264073, 6.794461142097793, 10.841576457346118, 3.775465980042405, 11.315754017917893, 10.841576457346118, 45.67005672173289, 6.794461142097793, 20.527855459889878, 8.81438440848525, 10.469685479465442, 14.210284960714851, 5.235194034537885, 23.44488783396606, 8.45526199032316, 22.199971654324774, 31.04875872413486, 9.857679235663465, 8.45526199032316, 22.988628169403206, 18.82723446957143, 17.94259304809498, 48.60025323527351, 14.700098200941236, 15.642793141982326, 15.642793141982326, 17.658493770992706, 16.523335491329178, 19.241146936344013, 11.855420778094324, 17.16018187310511, 17.209720898702724, 15.686149125604063, 4.343940326440783, 3.775465980042405, 16.353068535394286, 22.74014768833254, 26.44348301626415, 6.794461142097793, 22.75454603937298, 3.775465980042405, 34.633753600710854, 12.124700634160565, 3.775465980042405, 5.86731614400804, 34.633753600710854, 26.070362796869556, 8.254189196593273, 28.887053698846735, 30.944816623819676, 9.909490267573466, 35.68441535044173, 22.886243759422417, 24.88789080865839, 18.958892928528066, 22.74014768833254, 15.953662115490355, 15.01563201667387, 16.353068535394286, 11.771786116188762, 12.934666953434967, 9.512208589747082, 8.752790954133374, 5.235194034537885, 23.794599428261378, 37.64302705418377, 18.942982847568217, 25.41623554536656, 24.478205446550078, 25.41623554536656, 24.478205446550078, 15.953662115490355, 27.322072860285672, 17.786283534128124, 17.786283534128124, 14.09136626687506, 16.31579807327768, 6.794461142097793, 5.86731614400804, 6.794461142097793, 6.890495105518078, 23.553939696751268], [7.9458777073568205, 9.955629965466404, 19.0246237568285, 7.384145551924243, 5.941127457007112, 4.267821253977894, 4.836295600376271, 4.05937376934717, 3.3534403468779437, 3.3534403468779437, 5.235194034537885, 6.788903357316279, 6.204747329062235, 5.915158353147881, 8.473526181578084, 4.0334046654879385, 2.386067566317953, 3.3534403468779437, 6.093270691615067, 17.446856110395913, 14.212674956175995, 11.9481384190405, 9.621137927090425, 6.202566815097875, 3.3534403468779437, 11.21720345632505, 4.267821253977894, 5.602878253362206, 3.0940099497276545, 9.567882929077484, 5.602878253362206, 24.96310202025716, 5.362788802243504, 13.52012647846563, 5.602878253362206, 6.707023132155543, 9.751059837987324, 3.3534403468779437, 15.54248871374814, 4.267821253977894, 11.640345068810205, 20.33594169559053, 4.836295600376271, 4.267821253977894, 19.470706758172412, 16.61498013549375, 15.106303463611798, 27.742035058182616, 12.31201327716834, 13.496312947554102, 13.496312947554102, 15.052837372566318, 8.67065704497622, 12.449650150489072, 10.871589045515481, 11.04345546298335, 9.739957264574038, 8.358422925906646, 3.824491839099218, 2.386067566317953, 10.671484840840757, 15.0455721953292, 14.302900611073913, 4.267821253977894, 12.421146923413971, 2.386067566317953, 18.795193006911568, 6.601428920224151, 3.0940099497276545, 3.9855624563480974, 18.795193006911568, 14.101049944240177, 6.510400547755844, 18.795193006911568, 16.913439319251626, 7.8130114634050996, 28.82438140350929, 18.294743303062607, 19.89777895574284, 14.923828096149393, 17.905233717151958, 12.43884739446183, 11.813112875804972, 12.852310436796067, 9.280682349890531, 10.17006854194598, 7.9333286759615795, 7.011903497374684, 4.241621695239996, 19.39687965745997, 24.240389625311707, 15.184028082718184, 19.746925220368645, 19.121190701711786, 19.746925220368645, 19.121190701711786, 12.43884739446183, 14.576608944394394, 14.382920116687767, 14.382920116687767, 10.971176507976399, 13.480589785605206, 5.362788802243504, 3.9855624563480974, 5.362788802243504, 5.54423261088925, 18.279254333883213], [11.07237110481967, 13.694084589048677, 26.784215885